[0, 1]
2 2
[01, 00, 11, 10]
4 4
[011, 010, 001, 000, 110, 101, 100]
7 7
[0110, 0101, 0100, 0011, 0010, 0001, 0000, 1101, 1100, 1011, 1010, 1001, 1000]
13 13
[01101, 01100, 01011, 01010, 01001, 01000, 00110, 00101, 00100, 00011, 00010, 00001, 00000, 11011, 11010, 11001, 11000, 10110, 10101, 10100, 10011, 10010, 10001, 10000]
24 24
[011011, 011010, 011001, 011000, 010110, 010101, 010100, 010011, 010010, 010001, 010000, 001101, 001100, 001011, 001010, 001001, 001000, 000110, 000101, 000100, 000011, 000010, 000001, 000000, 110110, 110101, 110100, 110011, 110010, 110001, 110000, 101101, 101100, 101011, 101010, 101001, 101000, 100110, 100101, 100100, 100011, 100010, 100001, 100000]
44 44
[0110110, 0110101, 0110100, 0110011, 0110010, 0110001, 0110000, 0101101, 0101100, 0101011, 0101010, 0101001, 0101000, 0100110, 0100101, 0100100, 0100011, 0100010, 0100001, 0100000, 0011011, 0011010, 0011001, 0011000, 0010110, 0010101, 0010100, 0010011, 0010010, 0010001, 0010000, 0001101, 0001100, 0001011, 0001010, 0001001, 0001000, 0000110, 0000101, 0000100, 0000011, 0000010, 0000001, 0000000, 1101101, 1101100, 1101011, 1101010, 1101001, 1101000, 1100110, 1100101, 1100100, 1100011, 1100010, 1100001, 1100000, 1011011, 1011010, 1011001, 1011000, 1010110, 1010101, 1010100, 1010011, 1010010, 1010001, 1010000, 1001101, 1001100, 1001011, 1001010, 1001001, 1001000, 1000110, 1000101, 1000100, 1000011, 1000010, 1000001, 1000000]
81 81
[01101101, 01101100, 01101011, 01101010, 01101001, 01101000, 01100110, 01100101, 01100100, 01100011, 01100010, 01100001, 01100000, 01011011, 01011010, 01011001, 01011000, 01010110, 01010101, 01010100, 01010011, 01010010, 01010001, 01010000, 01001101, 01001100, 01001011, 01001010, 01001001, 01001000, 01000110, 01000101, 01000100, 01000011, 01000010, 01000001, 01000000, 00110110, 00110101, 00110100, 00110011, 00110010, 00110001, 00110000, 00101101, 00101100, 00101011, 00101010, 00101001, 00101000, 00100110, 00100101, 00100100, 00100011, 00100010, 00100001, 00100000, 00011011, 00011010, 00011001, 00011000, 00010110, 00010101, 00010100, 00010011, 00010010, 00010001, 00010000, 00001101, 00001100, 00001011, 00001010, 00001001, 00001000, 00000110, 00000101, 00000100, 00000011, 00000010, 00000001, 00000000, 11011011, 11011010, 11011001, 11011000, 11010110, 11010101, 11010100, 11010011, 11010010, 11010001, 11010000, 11001101, 11001100, 11001011, 11001010, 11001001, 11001000, 11000110, 11000101, 11000100, 11000011, 11000010, 11000001, 11000000, 10110110, 10110101, 10110100, 10110011, 10110010, 10110001, 10110000, 10101101, 10101100, 10101011, 10101010, 10101001, 10101000, 10100110, 10100101, 10100100, 10100011, 10100010, 10100001, 10100000, 10011011, 10011010, 10011001, 10011000, 10010110, 10010101, 10010100, 10010011, 10010010, 10010001, 10010000, 10001101, 10001100, 10001011, 10001010, 10001001, 10001000, 10000110, 10000101, 10000100, 10000011, 10000010, 10000001, 10000000]
149 149
[011011011, 011011010, 011011001, 011011000, 011010110, 011010101, 011010100, 011010011, 011010010, 011010001, 011010000, 011001101, 011001100, 011001011, 011001010, 011001001, 011001000, 011000110, 011000101, 011000100, 011000011, 011000010, 011000001, 011000000, 010110110, 010110101, 010110100, 010110011, 010110010, 010110001, 010110000, 010101101, 010101100, 010101011, 010101010, 010101001, 010101000, 010100110, 010100101, 010100100, 010100011, 010100010, 010100001, 010100000, 010011011, 010011010, 010011001, 010011000, 010010110, 010010101, 010010100, 010010011, 010010010, 010010001, 010010000, 010001101, 010001100, 010001011, 010001010, 010001001, 010001000, 010000110, 010000101, 010000100, 010000011, 010000010, 010000001, 010000000, 001101101, 001101100, 001101011, 001101010, 001101001, 001101000, 001100110, 001100101, 001100100, 001100011, 001100010, 001100001, 001100000, 001011011, 001011010, 001011001, 001011000, 001010110, 001010101, 001010100, 001010011, 001010010, 001010001, 001010000, 001001101, 001001100, 001001011, 001001010, 001001001, 001001000, 001000110, 001000101, 001000100, 001000011, 001000010, 001000001, 001000000, 000110110, 000110101, 000110100, 000110011, 000110010, 000110001, 000110000, 000101101, 000101100, 000101011, 000101010, 000101001, 000101000, 000100110, 000100101, 000100100, 000100011, 000100010, 000100001, 000100000, 000011011, 000011010, 000011001, 000011000, 000010110, 000010101, 000010100, 000010011, 000010010, 000010001, 000010000, 000001101, 000001100, 000001011, 000001010, 000001001, 000001000, 000000110, 000000101, 000000100, 000000011, 000000010, 000000001, 000000000, 110110110, 110110101, 110110100, 110110011, 110110010, 110110001, 110110000, 110101101, 110101100, 110101011, 110101010, 110101001, 110101000, 110100110, 110100101, 110100100, 110100011, 110100010, 110100001, 110100000, 110011011, 110011010, 110011001, 110011000, 110010110, 110010101, 110010100, 110010011, 110010010, 110010001, 110010000, 110001101, 110001100, 110001011, 110001010, 110001001, 110001000, 110000110, 110000101, 110000100, 110000011, 110000010, 110000001, 110000000, 101101101, 101101100, 101101011, 101101010, 101101001, 101101000, 101100110, 101100101, 101100100, 101100011, 101100010, 101100001, 101100000, 101011011, 101011010, 101011001, 101011000, 101010110, 101010101, 101010100, 101010011, 101010010, 101010001, 101010000, 101001101, 101001100, 101001011, 101001010, 101001001, 101001000, 101000110, 101000101, 101000100, 101000011, 101000010, 101000001, 101000000, 100110110, 100110101, 100110100, 100110011, 100110010, 100110001, 100110000, 100101101, 100101100, 100101011, 100101010, 100101001, 100101000, 100100110, 100100101, 100100100, 100100011, 100100010, 100100001, 100100000, 100011011, 100011010, 100011001, 100011000, 100010110, 100010101, 100010100, 100010011, 100010010, 100010001, 100010000, 100001101, 100001100, 100001011, 100001010, 100001001, 100001000, 100000110, 100000101, 100000100, 100000011, 100000010, 100000001, 100000000]
274 274
[0110110110, 0110110101, 0110110100, 0110110011, 0110110010, 0110110001, 0110110000, 0110101101, 0110101100, 0110101011, 0110101010, 0110101001, 0110101000, 0110100110, 0110100101, 0110100100, 0110100011, 0110100010, 0110100001, 0110100000, 0110011011, 0110011010, 0110011001, 0110011000, 0110010110, 0110010101, 0110010100, 0110010011, 0110010010, 0110010001, 0110010000, 0110001101, 0110001100, 0110001011, 0110001010, 0110001001, 0110001000, 0110000110, 0110000101, 0110000100, 0110000011, 0110000010, 0110000001, 0110000000, 0101101101, 0101101100, 0101101011, 0101101010, 0101101001, 0101101000, 0101100110, 0101100101, 0101100100, 0101100011, 0101100010, 0101100001, 0101100000, 0101011011, 0101011010, 0101011001, 0101011000, 0101010110, 0101010101, 0101010100, 0101010011, 0101010010, 0101010001, 0101010000, 0101001101, 0101001100, 0101001011, 0101001010, 0101001001, 0101001000, 0101000110, 0101000101, 0101000100, 0101000011, 0101000010, 0101000001, 0101000000, 0100110110, 0100110101, 0100110100, 0100110011, 0100110010, 0100110001, 0100110000, 0100101101, 0100101100, 0100101011, 0100101010, 0100101001, 0100101000, 0100100110, 0100100101, 0100100100, 0100100011, 0100100010, 0100100001, 0100100000, 0100011011, 0100011010, 0100011001, 0100011000, 0100010110, 0100010101, 0100010100, 0100010011, 0100010010, 0100010001, 0100010000, 0100001101, 0100001100, 0100001011, 0100001010, 0100001001, 0100001000, 0100000110, 0100000101, 0100000100, 0100000011, 0100000010, 0100000001, 0100000000, 0011011011, 0011011010, 0011011001, 0011011000, 0011010110, 0011010101, 0011010100, 0011010011, 0011010010, 0011010001, 0011010000, 0011001101, 0011001100, 0011001011, 0011001010, 0011001001, 0011001000, 0011000110, 0011000101, 0011000100, 0011000011, 0011000010, 0011000001, 0011000000, 0010110110, 0010110101, 0010110100, 0010110011, 0010110010, 0010110001, 0010110000, 0010101101, 0010101100, 0010101011, 0010101010, 0010101001, 0010101000, 0010100110, 0010100101, 0010100100, 0010100011, 0010100010, 0010100001, 0010100000, 0010011011, 0010011010, 0010011001, 0010011000, 0010010110, 0010010101, 0010010100, 0010010011, 0010010010, 0010010001, 0010010000, 0010001101, 0010001100, 0010001011, 0010001010, 0010001001, 0010001000, 0010000110, 0010000101, 0010000100, 0010000011, 0010000010, 0010000001, 0010000000, 0001101101, 0001101100, 0001101011, 0001101010, 0001101001, 0001101000, 0001100110, 0001100101, 0001100100, 0001100011, 0001100010, 0001100001, 0001100000, 0001011011, 0001011010, 0001011001, 0001011000, 0001010110, 0001010101, 0001010100, 0001010011, 0001010010, 0001010001, 0001010000, 0001001101, 0001001100, 0001001011, 0001001010, 0001001001, 0001001000, 0001000110, 0001000101, 0001000100, 0001000011, 0001000010, 0001000001, 0001000000, 0000110110, 0000110101, 0000110100, 0000110011, 0000110010, 0000110001, 0000110000, 0000101101, 0000101100, 0000101011, 0000101010, 0000101001, 0000101000, 0000100110, 0000100101, 0000100100, 0000100011, 0000100010, 0000100001, 0000100000, 0000011011, 0000011010, 0000011001, 0000011000, 0000010110, 0000010101, 0000010100, 0000010011, 0000010010, 0000010001, 0000010000, 0000001101, 0000001100, 0000001011, 0000001010, 0000001001, 0000001000, 0000000110, 0000000101, 0000000100, 0000000011, 0000000010, 0000000001, 0000000000, 1101101101, 1101101100, 1101101011, 1101101010, 1101101001, 1101101000, 1101100110, 1101100101, 1101100100, 1101100011, 1101100010, 1101100001, 1101100000, 1101011011, 1101011010, 1101011001, 1101011000, 1101010110, 1101010101, 1101010100, 1101010011, 1101010010, 1101010001, 1101010000, 1101001101, 1101001100, 1101001011, 1101001010, 1101001001, 1101001000, 1101000110, 1101000101, 1101000100, 1101000011, 1101000010, 1101000001, 1101000000, 1100110110, 1100110101, 1100110100, 1100110011, 1100110010, 1100110001, 1100110000, 1100101101, 1100101100, 1100101011, 1100101010, 1100101001, 1100101000, 1100100110, 1100100101, 1100100100, 1100100011, 1100100010, 1100100001, 1100100000, 1100011011, 1100011010, 1100011001, 1100011000, 1100010110, 1100010101, 1100010100, 1100010011, 1100010010, 1100010001, 1100010000, 1100001101, 1100001100, 1100001011, 1100001010, 1100001001, 1100001000, 1100000110, 1100000101, 1100000100, 1100000011, 1100000010, 1100000001, 1100000000, 1011011011, 1011011010, 1011011001, 1011011000, 1011010110, 1011010101, 1011010100, 1011010011, 1011010010, 1011010001, 1011010000, 1011001101, 1011001100, 1011001011, 1011001010, 1011001001, 1011001000, 1011000110, 1011000101, 1011000100, 1011000011, 1011000010, 1011000001, 1011000000, 1010110110, 1010110101, 1010110100, 1010110011, 1010110010, 1010110001, 1010110000, 1010101101, 1010101100, 1010101011, 1010101010, 1010101001, 1010101000, 1010100110, 1010100101, 1010100100, 1010100011, 1010100010, 1010100001, 1010100000, 1010011011, 1010011010, 1010011001, 1010011000, 1010010110, 1010010101, 1010010100, 1010010011, 1010010010, 1010010001, 1010010000, 1010001101, 1010001100, 1010001011, 1010001010, 1010001001, 1010001000, 1010000110, 1010000101, 1010000100, 1010000011, 1010000010, 1010000001, 1010000000, 1001101101, 1001101100, 1001101011, 1001101010, 1001101001, 1001101000, 1001100110, 1001100101, 1001100100, 1001100011, 1001100010, 1001100001, 1001100000, 1001011011, 1001011010, 1001011001, 1001011000, 1001010110, 1001010101, 1001010100, 1001010011, 1001010010, 1001010001, 1001010000, 1001001101, 1001001100, 1001001011, 1001001010, 1001001001, 1001001000, 1001000110, 1001000101, 1001000100, 1001000011, 1001000010, 1001000001, 1001000000, 1000110110, 1000110101, 1000110100, 1000110011, 1000110010, 1000110001, 1000110000, 1000101101, 1000101100, 1000101011, 1000101010, 1000101001, 1000101000, 1000100110, 1000100101, 1000100100, 1000100011, 1000100010, 1000100001, 1000100000, 1000011011, 1000011010, 1000011001, 1000011000, 1000010110, 1000010101, 1000010100, 1000010011, 1000010010, 1000010001, 1000010000, 1000001101, 1000001100, 1000001011, 1000001010, 1000001001, 1000001000, 1000000110, 1000000101, 1000000100, 1000000011, 1000000010, 1000000001, 1000000000]
504 504
